# callgrind format
version: 1
creator: callgrind-3.13.0
pid: 30563
cmd:  ./nba_queries /home/durst/big_dev/nba-movement-data/data/csv/default_game.csv /home/durst/big_dev/nba-movement-data/data/shots/shots_fixed.csv
part: 1


desc: I1 cache: 
desc: D1 cache: 
desc: LL cache: 

desc: Timerange: Basic block 0 - 28380569
desc: Trigger: Program termination

positions: line
events: Ir
summary: 0


ob=(6) /lib/x86_64-linux-gnu/libm-2.27.so
fl=(13) /build/glibc-2ORdQG/glibc-2.27/math/w_hypotf_compat.c
fn=(40) hypotf
29 234667
+1 704001
cfi=(14) /build/glibc-2ORdQG/glibc-2.27/math/../sysdeps/ieee754/flt-32/e_hypotf.c
cfn=(42) __hypotf_finite
calls=234667 -9 
* 7509344
+1 1877336
+6 469334

fl=(14)
fn=(42)
21 469334
+4 234667
+1 234667
-5 234667
+6 234667
+1 234667
+1 234667
-8 234667
+8 234667
+2 469334
+2 938668
+2 469334
+2 469334
+3 234667
+3 234667
-2 234667
+3 234667
-1 469334
+1 469334
-1 234667
fi=(15) /build/glibc-2ORdQG/glibc-2.27/math/../sysdeps/x86_64/fpu/math_private.h
+15 234667
fe=(14)
-15 234667
+1 234667

ob=(3) /lib/x86_64-linux-gnu/libc-2.27.so
fl=(9) /build/glibc-2ORdQG/glibc-2.27/malloc/malloc.c
fn=(34) free
3086 3509
+5 638
+1 638
+6 638
+5 319
-2 319
+2 638
+18 957
+2 957
4149 638
+6 1276
+1 638
+4 1276
+9 957
-2 638
+3 638
+1 1276
3125 3509
2929 957
+3 319
-2 638
+1 319
+1 638

fn=(20) malloc
3028 957
+5 638
+1 638
+5 2233
+3 319
-2 957
+2 957
+3 638
-6 1276
+8 319
+1 957
2941 638
+2 638
+1 319
3081 1595

fl=(10) /build/glibc-2ORdQG/glibc-2.27/string/../sysdeps/x86_64/multiarch/memmove-vec-unaligned-erms.S
fn=(24) __memcpy_avx_unaligned_erms
217 1872
+2 1872
+1 1872
+44 1872
+1 1872
+2 1553
+1 1553
+1 352
+1 352
+1 312
+1 312
+19 319
+1 319
+1 319
+1 319
+1 319
+4 1201
+1 1201
+1 1201
+1 1201
+1 1201
+3 40
+1 40
+1 40
+1 40
+1 40
+3 312
+1 312
+1 312
+1 312
+1 312

ob=(2) /usr/lib/x86_64-linux-gnu/libstdc++.so.6.0.25
fl=(8) ???
fn=(30) operator delete(void*)
0 319
cob=(3)
cfi=(9)
cfn=(34)
calls=319 3086 
0 22330
0 319

fn=(16) operator new(unsigned long)
0 2233
cob=(3)
cfi=(9)
cfn=(20)
calls=319 3028 
0 13079
0 319
0 1276

ob=(1) /home/durst/big_dev/nba_queries/build/nba_queries
fl=(1) /home/durst/big_dev/nba_queries/src/cpp/bin/main.cpp
fn=(0) main
57 1
+1 1
-1 1
+1 8
+1 3
-1 1
+1 2
-1 1
+1 1
cfi=(2) /home/durst/big_dev/nba_queries/src/cpp/lib/check_distances.cpp
cfn=(2) find_nearest_defender_at_each_shot(std::vector<moment, std::allocator<moment> >&, std::vector<shot, std::allocator<shot> >&, std::vector<shot_and_player_data, std::allocator<shot_and_player_data> >&, float)
calls=1 -43 
* 109685917

fl=(2)
fn=(2)
16 7
+1 1
-1 3
fi=(5) /usr/include/c++/7/bits/basic_string.h
149 1
fe=(2)
19 1
-3 3
fi=(5)
149 2
fe=(2)
19 1
-3 3
fi=(5)
149 2
fi=(3) /usr/include/c++/7/bits/stl_vector.h
671 3
fe=(2)
20 2
fi=(3)
671 682020
fe=(2)
20 682021
fi=(3)
671 1136705
fe=(2)
20 454682
+1 227340
fi=(3)
824 454680
-26 227340
fe=(2)
22 227340
fi=(3)
824 227340
fe=(2)
22 227340
fi=(3)
798 227340
+26 682020
-26 682020
fe=(2)
24 682020
+91 11
-91 682020
+3 711
-1 1422
+37 908736
+22 908736
cfi=(4) /home/durst/big_dev/nba_queries/src/cpp/lib/query_structs.cpp
cfn=(6) shot_before_moment(shot const&, moment const&)
calls=227184 +57 
* 2268573
* 2726208
fi=(3)
824 5007564
-26 2503782
fe=(2)
106 5007564
+1 9108612
cfi=(4)
cfn=(8) moment_before_shot(moment const&, shot const&)
calls=2277153 +39 
* 22717030
* 4554306
-2 5007564
-1 2503782
fi=(3)
671 7511346
fe=(2)
107 5460822
-80 1422
fi=(5)
149 156
440 156
149 156
440 156
fi=(6) /usr/include/c++/7/bits/basic_string.tcc
211 780
+6 312
fi=(5)
337 156
fi=(11) /usr/include/c++/7/bits/char_traits.h
+11 78
fi=(6)
225 78
fi=(11)
348 78
fi=(5)
172 156
fi=(11)
285 156
fi=(16) /home/durst/big_dev/nba_queries/include/query_structs.h
60 156
fi=(5)
440 156
fi=(16)
60 156
fi=(5)
+89 468
440 156
fi=(6)
211 780
+6 312
fi=(5)
337 312
fi=(6)
225 312
fi=(11)
348 312
fi=(5)
172 156
fi=(11)
285 156
fi=(5)
149 156
440 156
149 312
440 156
fi=(6)
211 780
+6 312
fi=(5)
337 312
fi=(6)
225 312
fi=(11)
348 312
fi=(5)
172 156
fi=(11)
285 156
fi=(5)
149 156
440 156
fi=(16)
60 156
fi=(5)
+89 312
440 156
fi=(16)
60 156
fi=(6)
211 780
+6 312
fi=(5)
-45 156
fi=(11)
285 156
fi=(5)
149 156
440 156
149 312
440 156
fi=(6)
211 780
+6 312
fi=(5)
337 312
fi=(6)
225 312
fi=(11)
348 312
fi=(5)
172 156
fi=(11)
285 156
fi=(16)
60 468
fi=(5)
440 156
fi=(16)
60 1092
fi=(5)
+89 468
440 156
fi=(6)
211 780
+6 312
fi=(5)
337 310
fi=(6)
225 310
fi=(11)
348 310
fi=(5)
172 156
fi=(11)
285 156
fi=(16)
60 468
fi=(5)
440 156
fi=(16)
60 1404
fi=(5)
+89 468
440 156
fi=(6)
211 780
+6 312
fi=(5)
337 312
fi=(6)
225 312
fi=(11)
348 312
fi=(5)
172 156
fi=(11)
285 156
fi=(5)
149 156
440 156
149 312
440 156
fi=(6)
211 780
+6 312
fi=(5)
337 258
fi=(6)
225 258
fi=(11)
348 258
fi=(5)
172 156
fi=(11)
285 156
fi=(5)
149 156
440 156
149 312
440 156
fi=(6)
211 780
+6 312
fi=(5)
337 198
fi=(6)
225 198
fi=(11)
348 198
fi=(5)
172 156
fi=(11)
285 156
fi=(5)
149 156
440 156
149 312
440 156
fi=(6)
211 780
+6 312
fi=(5)
337 312
fi=(6)
225 312
fi=(11)
348 312
fi=(5)
172 156
fi=(11)
285 156
fi=(5)
149 156
fi=(16)
-89 156
fi=(5)
440 156
fi=(16)
60 156
fi=(5)
+89 312
440 156
fi=(6)
211 780
+6 312
fi=(5)
337 312
fi=(6)
225 312
fi=(11)
348 312
fi=(5)
172 156
fi=(11)
285 156
fi=(5)
149 156
440 156
149 312
440 156
fi=(6)
211 780
+6 312
fi=(5)
337 312
fi=(6)
225 312
fi=(11)
348 312
fi=(3)
824 156
fi=(5)
172 156
fi=(11)
285 156
fi=(3)
824 156
671 780
824 312
-26 156
fe=(2)
121 156
fi=(3)
798 156
fe=(2)
121 312
+3 156
-3 4556
fi=(3)
824 1888
fe=(2)
121 944
fi=(3)
798 944
fe=(2)
121 944
fi=(5)
+99 156
-9 156
+9 624
-9 156
+9 624
-9 156
+9 624
-9 156
+9 525
fi=(12) /usr/include/c++/7/ext/new_allocator.h
-95 57
cob=(2)
cfi=(8)
cfn=(30)
calls=57 0 
* 4104
* 57
* 57
fi=(5)
+95 57
-9 57
+9 270
-9 99
+9 324
fi=(12)
-95 27
cob=(2)
cfi=(8)
cfn=(30)
calls=27 0 
* 1944
* 27
* 27
fi=(5)
+95 27
-9 27
+9 210
-9 129
+9 543
-9 156
+9 469
fi=(12)
-95 1
cob=(2)
cfi=(8)
cfn=(30)
calls=1 0 
* 72
* 1
* 1
fi=(5)
+95 1
-9 1
+9 158
-9 155
+9 621
-9 156
+9 624
fi=(12)
-95 156
cob=(2)
cfi=(8)
cfn=(30)
calls=156 0 
* 11232
* 156
* 156
fi=(5)
+95 156
-9 156
+9 624
-9 156
+9 468
-9 156
+9 390
fi=(12)
-95 78
cob=(2)
cfi=(8)
cfn=(30)
calls=78 0 
* 5616
* 78
* 78
fi=(3)
824 780
671 234
824 78
671 78
824 858
671 234
824 78
671 78
824 78
-26 156
fe=(2)
139 156
fi=(3)
798 156
fe=(2)
139 312
fi=(17) /usr/include/c++/7/bits/std_abs.h
-64 156
fe=(2)
+64 312
+4 156
-4 624
-2 156
+2 2028
+4 738507
-4 492338
+7 940428
+16 223884
fi=(18) /usr/include/c++/7/cmath
1474 111942
fe=(2)
162 223884
fi=(18)
1474 111942
cob=(6)
cfi=(13)
cfn=(40)
calls=111942 29 
* 5149332
* 111942
fe=(2)
150 895068
+3 3013
-16 3013
fi=(3)
671 3013
fe=(2)
138 3013
fi=(3)
671 6026
824 3013
671 3013
824 3013
671 243312
fe=(2)
138 243312
fi=(3)
671 486624
824 243312
671 243312
824 243312
-26 246325
fe=(2)
139 738975
fi=(17)
-64 246325
fe=(2)
+64 493118
fi=(3)
824 936
-26 936
+26 780
-26 156
fe=(2)
143 156
fi=(3)
798 156
fe=(2)
139 312
fi=(17)
-64 156
fe=(2)
+68 1404
-6 2028
+6 538444
+3 1028398
+16 244826
fi=(18)
1474 122413
fe=(2)
162 244826
fi=(18)
1474 122413
cob=(6)
cfi=(13)
cfn=(40)
calls=122413 29 
* 5630998
* 122413
fe=(2)
150 978836
+3 1522
-16 1522
fi=(3)
671 1522
fe=(2)
138 1522
fi=(3)
671 3044
824 1522
671 1522
824 1522
671 267856
fe=(2)
138 267856
fi=(3)
671 535712
824 267856
671 267856
824 267856
-26 269378
fe=(2)
143 808134
-4 538756
fi=(17)
-64 269378
fe=(2)
+68 539224
fi=(3)
824 780
fe=(2)
162 468
fi=(3)
798 312
fe=(2)
162 156
fi=(18)
1474 156
fe=(2)
162 156
fi=(18)
1474 156
cob=(6)
cfi=(13)
cfn=(40)
calls=156 29 
* 7176
* 156
fe=(2)
162 156
fi=(18)
1474 156
fe=(2)
162 312
fi=(18)
1474 156
fe=(2)
162 156
fi=(18)
1474 156
cob=(6)
cfi=(13)
cfn=(40)
calls=156 29 
* 7176
* 156
fe=(2)
36 724
+2 50
-2 100
+5 50
+2 50
fi=(3)
941 50
fe=(2)
41 50
+1 50
+1 50
+1 50
fi=(3)
941 50
fe=(2)
44 50
fi=(3)
941 50
fe=(2)
42 50
+10 50
-5 50
+3 100
-5 50
+6 50
-5 50
+6 50
-1 50
+4 50
-7 50
+1 50
+4 50
+2 50
+1 50
-3 50
+3 50
+1 100
fi=(3)
941 50
fe=(2)
41 106
+2 106
fi=(3)
941 106
fe=(2)
41 106
+1 106
+1 106
+1 106
fi=(3)
941 106
fe=(2)
44 106
fi=(3)
941 106
fe=(2)
42 106
+10 106
-5 106
+3 212
-5 106
+6 106
-5 106
+6 106
-1 106
+4 106
-7 106
+1 106
+4 106
+2 106
+1 106
-3 106
+3 106
+1 212
fi=(3)
941 262
+4 2184
fe=(2)
60 156
-1 156
+1 624
+35 2775
fi=(6)
+42 156
+16 78
fi=(12)
-42 78
cob=(2)
cfi=(8)
cfn=(16)
calls=78 0 
* 4134
* 78
fi=(5)
+89 78
-32 78
fi=(11)
350 312
cob=(3)
cfi=(10)
cfn=(24)
calls=78 217 
* 780
* 78
* 312
cob=(3)
cfi=(10)
cfn=(24)
calls=78 217 
* 936
* 78
* 312
fe=(2)
36 636
fi=(11)
350 624
cob=(3)
cfi=(10)
cfn=(24)
calls=156 217 
* 1952
* 156
* 312
fi=(6)
137 114
+16 57
fi=(12)
-42 57
cob=(2)
cfi=(8)
cfn=(16)
calls=57 0 
* 3021
* 57
fi=(5)
+57 57
+32 57
fi=(11)
350 228
cob=(3)
cfi=(10)
cfn=(24)
calls=57 217 
* 570
* 57
* 396
cob=(3)
cfi=(10)
cfn=(24)
calls=99 217 
* 1188
* 99
* 936
cob=(3)
cfi=(10)
cfn=(24)
calls=156 217 
* 1872
* 156
* 936
cob=(3)
cfi=(10)
cfn=(24)
calls=156 217 
* 2496
* 156
* 936
cob=(3)
cfi=(10)
cfn=(24)
calls=156 217 
* 1872
* 156
* 312
fi=(6)
137 54
+16 27
fi=(12)
-42 27
cob=(2)
cfi=(8)
cfn=(16)
calls=27 0 
* 1431
* 27
fi=(5)
+57 27
+32 27
fi=(11)
350 108
cob=(3)
cfi=(10)
cfn=(24)
calls=27 217 
* 270
* 27
* 516
cob=(3)
cfi=(10)
cfn=(24)
calls=129 217 
* 1548
* 129
* 936
cob=(3)
cfi=(10)
cfn=(24)
calls=156 217 
* 1872
* 156
* 312
fi=(6)
137 2
+16 1
fi=(12)
-42 1
cob=(2)
cfi=(8)
cfn=(16)
calls=1 0 
* 53
* 1
fi=(5)
+57 1
+32 1
fi=(11)
350 4
cob=(3)
cfi=(10)
cfn=(24)
calls=1 217 
* 10
* 1
* 620
cob=(3)
cfi=(10)
cfn=(24)
calls=155 217 
* 1860
* 155
* 936
cob=(3)
cfi=(10)
cfn=(24)
calls=156 217 
* 2496
* 156
* 312
fi=(6)
137 312
+16 156
fi=(12)
-42 156
cob=(2)
cfi=(8)
cfn=(16)
calls=156 0 
* 8268
* 156
fi=(5)
+57 156
+32 156
fi=(11)
350 624
cob=(3)
cfi=(10)
cfn=(24)
calls=156 217 
* 1560
* 156
* 936
cob=(3)
cfi=(10)
cfn=(24)
calls=156 217 
* 1872
* 156
* 312
fe=(2)

fl=(4)
fn=(8)
146 13641118
+1 10900
-1 6798759
+1 2266253

fn=(6)
142 1363104
+1 1089
-1 678285
+1 226095

totals: 109685936
